4749
5447
5290
6615
2077
7010
5935
9683
5424
8250
9870
9377
7409
4437
6049
4025
6944
4286
8357
855
4990
6198
9834
1139
9248
9892
8412
9070
6914
9671
8354
1583
2308
4389
5961
5529
8889
6167
6185
749
2555
3749
819
379
7282
6579
4596
7797
8941
6203
3279
276
6919
3441
7128
2057
5708
7452
1413
110
4522
5388
1665
7034
6422
4101
6642
4496
1780
7778
7290
1179
918
2973
5652
1976
763
362
4988
8110
2265
438
7564
1203
7993
3211
4117
3348
6404
4037
2767
3258
177
3496
173
9990
722
4
3806
6764
9374
6334
5396
5221
9514
9206
6225
9150
2818
8203
1084
6310
9560
6715
6633
6133
4595
2947
3302
518
8364
6016
8888
278
6986
2299
133
2309
8400
8142
3689
4553
3683
5085
6598
813
8609
5540
6911
6867
3454
8764
4668
4169
1221
1682
1081
2345
4710
2708
3975
9871
9498
3578
3714
1406
4064
4112
5632
2862
5011
9409
7450
4173
215
2752
1966
211
4718
4587
5216
8960
535
9003
8085
669
5561
812
978
4430
1038
6831
5017
5373
1815
9130
2738
3070
446
9464
3144
5092
5043
974
7530
8694
7754
4984
3659
9271
9534
5854
5700
3120
256
8000
1819
8806
8113
8614
6129
7681
3947
3528
6368
4627
7898
3400
8630
1409
6394
3213
1785
1858
1057
2409
4564
4548
7969
5294
4271
8934
3897
5109
6234
2396
9356
1957
6816
257
1035
947
7927
7500
9429
4810
6174
2700
7688
9423
1936
3459
6551
5779
8328
4769
9659
2616
4572
4606
4576
2022
6564
112
1705
881
7971
4046
3123
4875
1704
8498
8722
2307
7979
9883
7340
2620
8111
3256
8905
2615
6031
2583
2303
4107
2928
2043
553
1769
2294
417
5070
8596
4235
9862
2775
5347
6685
7190
1226
9853
4979
162
9676
3197
5088
6549
9368
157
2063
7720
72
2874
280
5038
7219
9957
145
6812
9298
4237
2181
1283
7640
4312
1440
7937
6165
7351
6742
4626
713
7216
1993
7258
5175
6593
4002
8052
2717
8129
5500
2288
506
4928
5525
6473
9058
3773
9547
7537
4187
5471
3111
899
9469
957
8615
3436
9741
2169
7040
4883
1728
8159
8820
6854
1008
4045
9417
8454
3134
8074
9448
2479
933
244
4368
5134
7959
4971
138
5136
3421
1948
9006
5956
6545
5530
3312
5204
7853
3195
4824
4210
879
3115
237
1225
6552
7385
393
3641
5171
6308
656
6100
7910
64
6800
1499
2594
7786
6212
787
6485
7620
802
4796
7183
3624
6113
5550
5827
2746
8980
3816
5522
6862
9254
5612
5033
6038
5548
8456
9725
4039
474
5789
1938
2370
2844
9276
4557
5360
3047
3040
1045
8125
1003
8509
1607
9954
6433
7403
8550
6050
5186
3186
785
6982
2066
8574
6745
3077
4416
9463
8487
9620
1848
6770
6011
3405
9931
4397
1932
6891
4885
2275
5714
7945
3762
5320
4150
701
5356
7917
5324
3636
6497
5936
496
5845
1874
5532
8467
4475
8320
1250
2367
1931
1916
5885
9885
1049
6699
4055
3270
9266
4866
6067
5733
9945
3826
7584
6407
3127
470
4145
1129
5830
5560
1835
4149
7355
5091
9110
901
1714
5977
4288
2213
9419
841
9716
7841
3168
7897
9068
7631
2736
6690
382
4255
9987
4706
3766
5983
8751
5841
389
3167
4004
7632
9082
2984
9073
466
5000
9035
8343
5909
6493
9627
7888
2988
272
5194
728
762
9197
8307
6780
4433
4439
5879
8838
9284
7169
7470
3537
6799
1877
8957
1695
5721
193
5872
6237
2180
3026
344
9127
5843
107
3091
9064
811
5378
5074
8608
8892
4065
9181
4326
7751
1121
4462
3522
5731
7088
635
6362
6272
7818
7997
1382
4483
992
2517
43
373
1836
536
8521
5663
8455
8610
4369
8290
9784
7895
4327
9033
2877
8221
1079
9824
160
7328
9982
1126
2704
6695
2319
2759
4891
5696
9946
3727
9775
9041
7273
7026
175
2870
6574
3757
1367
5576
4740
743
3366
5603
4579
3732
4691
1902
5056
488
5857
526
715
2817
3902
691
3476
7422
1200
7735
5771
2658
3447
9246
7750
8858
6327
7131
6066
8220
7513
316
3701
1312
7487
9880
7283
2978
7944
7773
2887
8635
2832
1307
9225
2348
3694
6940
1349
3219
8276
5575
4131
768
7462
4682
8631
4573
4386
9632
687
9600
7941
5993
5790
4973
932
4075
5803
6302
2527
4667
7759
1861
6098
5020
2575
7808
2093
6617
1735
6293
1338
6769
4378
7166
3383
9734
4552
189
7842
8442
6425
2045
5427
3223
6136
8914
3392
3807
8051
2069
3879
1272
5810
5883
7510
9465
4134
3604
3619
3495
9860
6389
9818
8341
9847
426
6506
5536
2201
4665
9263
4771
8995
9776
4382
5808
1533
2375
3514
5907
9816
4630
7075
7846
8380
125
4338
2067
5760
2756
8413
1152
4244
5555
7668
2056
1222
3023
1878
4425
6883
5600
6121
1449
515
8815
6125
5623
9349
2508
3677
1302
498
2395
4392
3559
2336
1201
3583
9643
7727
9761
4247
5319
7481
9196
5799
1039
9757
5303
1246
8214
1476
1290
5462
5807
6936
4823
105
3388
8943
5513
7961
7738
966
7051
5370
4976
8170
4343
8036
7862
4923
9740
3881
3555
686
4353
4811
1666
4419
1371
867
1621
3519
9530
1967
100
3598
1046
5376
2848
465
2334
8519
4374
9487
1970
5435
3687
9579
3969
4036
5133
8729
7585
1737
7782
3503
6466
937
4179
2494
9223
3104
3665
5251
952
871
6052
8937
7108
7544
9571
6092
9899
454
8352
9401
1857
9726
6108
2271
1910
9924
1920
2693
2936
6766
8033
1961
997
1185
6214
441
5831
8489
8409
4011
4951
7468
8545
1127
3860
750
78
3292
9375
9584
3618
8592
6736
8800
3153
8968
2576
4091
7630
6928
2266
2665
7063
748
1464
1266
6942
3702
4639
2403
6301
5080
7037
1085
7731
5441
8180
7316
5066
5213
3556
8237
9793
7673
5457
6491
737
4146
4186
3531
3320
4544
8020
369
5188
3029
3003
6004
6630
5713
654
3140
7263
5832
5052
270
5112
7546
4331
9750
4404
5058
7419
8708
1618
5440
4357
2697
5094
6534
8878
9507
2595
2399
4127
3225
8233
4520
6065
9020
1141
9039
4686
617
5494
9063
4996
9444
9002
5483
7325
315
3794
572
9674
4317
5671
9705
6082
3563
8367
4598
2159
161
6793
8653
3543
8991
2915
2136
2540
4282
896
9591
7603
7150
122
4349
6775
8368
9299
8827
5196
9341
4160
4057
6472
1699
1549
8697
8662
164
4460
2651
12
5923
9121
3096
1868
1647
714
1914
3189
7073
1587
5426
2737
8128
5283
1921
8598
7894
9431
1261
2681
6377
4328
3071
8626
5656
6984
1450
1911
6080
3843
4054
2647
1834
2218
2464
3551
7388
8168
6359
9253
2263
6526
9454
6666
4837
390
8819
7608
5967
8907
8154
8301
7089
7080
4408
4798
332
3833
6557
2021
4502
7032
8702
5014
5588
9976
3158
7036
8216
4845
1612
7006
2016
8278
620
6757
6042
1872
9613
2053
1768
9014
7857
8588
4622
9893
9878
9036
4511
3882
8676
3597
5542
6299
7456
3736
3819
5138
5608
4660
3964
4113
4854
1531
9109
5411
7014
3572
9717
1167
9314
784
1055
1653
8785
352
8418
5757
1928
9438
9404
6412
7235
5780
3357
8424
1006
4999
6647
7777
6249
848
9288
7180
3024
5639
6645
9859
5553
7647
4143
824
8740
6278
8118
185
1474
2600
3363
2933
7384
9809
7375
7220
6771
3521
2076
9545
9231
5477
9153
2853
54
2284
2015
798
4770
359
3567
8566
5311
565
5573
4097
2655
8940
8624
7582
6354
648
3739
6358
8654
4100
5276
6005
3976
1456
7580
8657
1895
3049
2863
204
4922
6230
1353
6257
1033
5662
9877
6034
7404
7658
9808
4481
1686
5585
4954
4767
7479
7601
5304
2252
5300
6897
1243
8091
1552
2923
9891
2101
5877
9467
4436
3182
4411
2407
8103
434
9392
7764
7059
6017
2781
9072
9794
3314
2292
862
1328
378
8205
6397
9985
4847
953
6651
5337
2478
9346
4167
6145
5736
4581
6801
9798
9282
9081
9391
3577
9360
7798
213
2170
4721
3396
4040
780
9696
1319
4643
2871
8211
709
9567
2847
9763
8302
661
1759
5465
6719
1502
4222
3846
4390
46
9185
5946
9308
5095
9367
1999
9685
9228
7107
3273
1636
44
5073
4760
9084
3491
4017
9122
9947
2195
1573
7893
7768
3573
9261
9900
5041
7622
2893
584
1569
9459
2683
5617
1944
2851
5437
5641
1414
5836
2829
95
2331
8906
2687
6317
2707
8904
1136
4707
8164
3246
1775
399
7245
4778
6235
7103
1767
7209
2287
2037
7931
7096
4681
1347
2809
3318
9348
6833
6581
9264
5689
4929
3475
5267
146
5126
7429
6332
891
4225
1
7366
7933
8415
6910
8490
7507
1108
2313
3553
8585
7275
5853
7361
9078
9610
5945
3287
7977
2011
2901
1974
7314
665
4330
8854
261
61
3306
6222
5809
4880
2002
4956
940
3592
5103
3414
246
7028
7353
8477
3131
6454
923
2241
2014
5245
2046
2601
2329
5920
3333
9032
6760
4874
3065
4603
1089
9410
3078
9686
1326
108
3674
9767
7975
6804
4195
7421
3019
6181
6614
4768
1162
7286
5019
343
2888
4893
2199
226
5218
8342
9743
8043
9132
1330
1913
3595
7833
719
8844
4413
4747
9275
8835
8155
3259
1180
5822
73
8503
4178
5087
6822
5420
5061
3774
8561
3745
6406
8287
2518
491
5569
2104
2220
6090
4465
982
3345
1727
5660
4614
6411
5506
154
8564
6381
7256
6258
6744
3485
7446
5123
7805
7327
3648
4170
8204
9151
4547
1066
7086
7079
2912
9721
8688
3611
9719
1412
3963
546
9443
8356
2080
659
2044
7140
4333
3690
1149
5490
5108
6990
4578
5728
604
7723
7663
6782
4689
7990
4302
1786
552
6860
3136
8193
8248
6375
482
3059
1862
1981
3747
9405
7197
8557
9441
1219
147
2565
7253
1594
9521
4294
3581
6117
4935
2585
391
6213
6132
2538
6124
4066
8605
2955
888
4950
9244
1278
3329
5849
4702
6037
9651
1814
8081
9959
9053
7287
4041
8822
1551
4402
9796
3649
2242
8064
7127
1209
9970
6846
774
4896
7533
943
9215
8044
2722
7278
1652
4140
7194
67
9915
5489
7596
449
5955
4937
4233
1926
4766
3358
9272
5183
2634
5734
5024
5226
3769
3876
6508
6431
2986
4646
694
7392
5748
6283
2473
6855
7561
2603
7562
9091
4400
9493
698
6281
804
5169
2497
5985
199
4254
4844
7766
3014
8407
4084
5346
1536
7986
1782
5847
2088
6414
457
6227
84
880
5122
761
8198
2127
1072
5166
3296
1482
8539
2547
5120
6805
9154
9526
444
3253
8140
2827
5684
5507
9214
2692
7279
6717
5765
3910
9338
9864
667
2644
8832
1518
6599
279
2688
86
7394
7790
1202
5574
724
7009
8781
7635
9644
2990
7158
4070
9783
7135
6767
5293
4277
8137
6875
4058
4217
6754
7112
1685
5768
1977
2510
7775
9554
8029
8950
4012
5694
7866
5140
1235
9879
5814
3515
537
5514
5068
7662
6075
2815
6950
8554
3620
2360
385
340
349
614
3887
6993
1939
6002
2173
7187
1949
1115
430
6621
5539
4715
2390
4182
4307
9845
5606
1798
2803
3708
4970
4284
1951
2558
2408
7271
4115
642
503
225
2081
3995
4478
4396
2745
1492
8148
7052
6043
5249
2273
840
7952
9711
8711
7551
892
5266
6448
42
6923
6061
3974
8045
6245
8636
2690
9967
7598
5887
2900
3931
8448
2507
8026
104
4975
8743
6105
1540
6949
201
649
9555
7317
7074
2339
7356
9481
5018
1626
1155
7942
4610
3540
5
7228
1807
3657
2891
7701
468
4469
7652
5097
2441
8723
6565
6857
1903
4121
4350
8728
6013
8408
6758
8974
3056
4205
8347
6787
3627
7791
9062
6352
6140
9594
8672
1925
8316
9519
9995
3372
8696
7109
2105
1374
569
8468
2491
3993
2183
2609
5270
4797
8254
7333
7064
4650
9344
2095
9194
9765
6941
2766
2282
7265
1308
7856
2071
1193
1369
7753
8441
3462
3455
4204
59
1600
1361
5636
299
4933
8023
1545
8318
7240
462
9801
4289
8268
4024
9618
4109
7745
1331
2522
4009
6445
8802
8976
2272
8488
4774
5026
6678
5989
1087
3982
2591
9831
8580
8848
6447
9004
2568
1742
183
8540
3743
3185
365
7903
696
9037
4678
2355
3718
6834
3370
6471
7320
6003
9485
5821
1635
435
7373
57
1303
6481
7066
8405
6856
4414
2208
4791
5940
2932
4590
7730
2735
4860
9966
5838
3112
2114
8014
4448
6832
2025
6540
4531
1086
1400
8713
8587
773
2602
876
8600
83
3356
4726
9881
5850
6524
3905
8395
5322
7344
2372
6459
6183
4754
6706
2631
3310
5890
2997
7298
1067
2958
5982
9060
2154
2149
1664
5306
6960
6449
2656
3985
1896
1703
4855
5325
3895
6608
3984
2214
3801
817
2258
6622
3548
706
3280
5566
1320
1674
5391
7801
5336
228
6970
5534
5988
1454
7334
2785
500
8038
4863
556
4290
5687
3471
49
4812
3987
4220
5971
2611
3793
7078
8518
3419
4727
3713
5380
4165
6842
9607
5635
8686
9645
167
4174
6391
6101
5485
387
8006
3944
9527
1384
5366
8019
4325
4549
4296
368
8944
8119
9202
8108
8116
2812
6937
8003
1070
1157
8645
2349
3909
429
339
1865
4355
8031
3517
9929
5726
1341
6170
5912
7332
471
3053
3361
745
6713
338
8791
5365
1680
2316
3978
1013
9994
5668
3622
9762
4010
2042
5538
4536
2297
7648
6228
7189
9622
6164
8589
2255
7748
1230
5889
705
2904
8262
6392
7483
6821
9087
3500
4443
3534
5817
1262
7441
3418
5667
8793
4484
5786
3586
1516
224
9768
2460
6532
5473
6681
3226
6743
7950
452
4764
9176
4346
1228
6326
2468
5362
2623
2152
3924
4524
8098
2059
5228
6119
7122
8241
6882
534
4007
9450
2660
5407
8437
5439
8649
6421
4514
984
3841
1240
866
4086
1362
6861
690
2822
357
5307
9260
4569
7475
3935
3022
988
612
8794
8426
5904
3321
1927
5899
8219
2140
874
8661
976
5672
5001
820
792
9123
1954
5881
4142
4128
4202
4192
6305
2823
3608
9395
1133
485
6477
5416
9334
3637
1342
9218
7900
4969
4381
3848
1364
8911
1609
3844
4339
7877
9852
4962
7068
525
7230
7292
9840
4164
7213
8323
5661
3651
2358
9075
2739
4360
2009
7493
1311
991
4467
592
6328
9499
3753
4759
6071
68
9303
1984
3512
7939
914
7967
4527
3234
731
4259
9551
7454
6749
6025
4079
8107
4365
6346
5069
1060
954
674
9023
5446
8656
7767
6843
9113
995
3360
4663
6973
5978
408
6969
1964
7157
2570
4120
5148
6901
6795
5029
8505
363
2032
3539
3215
7342
9820
5934
1517
1989
4321
1270
8025
9207
3037
7593
1210
7741
6289
8984
4256
8317
4159
4362
2405
6387
9213
7196
1140
3196
1684
2457
6339
9522
783
887
4063
7613
330
8160
1823
2872
7542
1748
3276
9623
3393
5429
7203
9295
229
3997
2777
6772
5262
4961
7302
1539
4631
6064
9135
6263
6890
7239
3439
5578
4356
467
433
9397
8050
3731
1318
7047
3374
3067
2304
4219
7807
2630
9080
7428
8736
4957
2757
3991
7771
7237
2075
3616
6698
8953
2786
9984
1520
8685
7489
2584
4103
4597
1041
4468
7232
766
5296
1634
223
2749
2971
7002
2024
8372
9566
9245
1942
3042
3443
5178
5984
6797
9455
2561
4839
1787
8964
1418
5503
7257
4201
3061
7120
2505
396
2285
398
1120
5222
8529
2365
2784
132
4897
4993
1712
2124
6277
5741
5121
3235
124
36
2541
6390
277
2392
331
8131
9111
799
7519
504
7383
7600
9979
4945
5453
2831
9331
121
2419
5960
4152
1316
2545
8982
5932
6434
6611
904
5965
3379
1733
8617
2216
2167
2824
830
3322
6980
5129
2734
734
5434
6693
4967
3103
3371
3748
1711
4156
1660
3035
4983
5460
8972
5619
5102
152
2861
326
3936
3510
1654
2764
8371
6286
7296
1023
2471
111
4709
6554
6922
1357
7859
2559
1777
8329
8493
5812
1507
1309
5818
305
2146
1398
1004
5239
9024
6898
4989
492
6501
9262
3339
2078
1610
418
4842
7276
5875
4882
5231
3381
5863
7044
6541
1009
7295
5002
6284
9865
9650
6844
45
9093
9688
1372
3244
829
4242
3417
9769
7369
3828
4486
8612
3874
3707
6077
9961
621
5913
7831
120
3580
3301
6740
8089
9278
5767
5511
4851
1880
6870
5631
6567
7371
4920
9422
3166
958
9145
2960
2930
2682
6945
9905
6716
3778
726
7252
8071
3247
3437
7156
2379
4080
6796
7936
8389
5205
7991
672
1145
5265
563
137
8227
5107
6987
870
9642
6718
1144
2976
7908
8325
40
7559
176
9728
2163
8486
6522
8893
2671
8809
5664
9737
7106
9785
4230
4529
8042
9727
4162
8035
5031
5358
3621
8583
835
1956
9849
2412
184
1264
1288
5372
1345
4337
7814
7033
2447
1253
5882
3933
6413
2327
6668
4858
7851
9855
5282
5297
7000
5510
9790
6943
6597
1716
7207
5986
8223
1650
6479
463
9292
2834
4592
424
5432
8093
3450
860
4311
9436
4894
6845
9657
6656
1731
9832
8924
2306
8369
6753
2027
2472
6790
8952
4344
1933
5392
3375
8272
5519
6314
7714
8926
2264
484
4612
8336
9548
4720
7329
8451
7480
1559
7459
7693
8994
1806
464
4495
1543
6086
6510
33
4963
3786
5399
3181
7083
4838
3729
1092
3427
524
6961
5114
928
3813
3378
2731
7672
2205
2128
7023
3542
4895
1212
983
5545
3712
4061
4441
7651
7330
8775
1027
8122
5459
9665
619
7783
1438
3934
8856
1483
5436
2357
5394
2476
2742
4459
3640
7896
3954
2624
1770
2526
4684
8903
1192
2927
863
893
6907
8147
510
4401
6261
4177
4281
1580
8185
2607
5743
1489
2907
376
8814
9143
410
2211
7612
8288
5775
7574
6028
9561
4185
9792
8879
1850
6520
4697
4953
2821
4580
7055
912
9630
502
3508
3100
3336
459
703
7689
3647
5610
8874
5605
6768
5925
4052
4265
7781
7575
7958
5340
8971
7822
1855
8863
6629
2999
4214
6420
456
2311
290
9085
568
427
4147
9098
4921
1991
9372
1399
6959
833
8779
1478
717
4642
3809
7
7152
2065
1934
1271
1613
2743
3284
6099
128
718
7578
9099
5082
6807
4241
2382
6309
9568
1508
4276
3206
8884
386
3554
2979
7827
5521
2250
9964
4415
2720
4805
505
814
6103
7451
3081
8648
6620
4831
5638
9402
3118
4285
7506
684
9921
8492
8322
1480
1134
2417
589
6733
4946
8423
7699
2729
2031
4916
4301
8979
7702
7881
9325
1643
5943
7974
8507
2934
9882
5021
4168
5203
1541
9182
4840
6709
2453
5418
7465
5611
4466
9158
7615
5637
2657
1866
3298
8197
599
4985
4795
7116
2244
1591
3054
6600
1828
5451
3113
6093
3334
3576
5974
5794
8394
1166
8279
5412
6063
7947
7531
3424
8061
7946
1642
3772
3092
8308
782
9083
786
1628
7057
6348
3177
9126
2488
1137
3058
4335
8446
610
1269
1697
6437
2139
7703
3068
9971
4825
7268
6618
2312
9604
370
5232
5421
7077
8100
3911
2062
8625
8954
5655
7884
4833
4482
4209
2699
6465
8698
8528
6705
6650
3655
8730
5824
8922
5839
4708
8445
5800
4446
6475
4828
3558
4003
9311
6930
9092
9124
7293
6206
800
79
6849
3589
2469
6130
8562
8783
3725
3435
6966
3959
7734
7318
9017
581
9097
9648
4313
7832
8851
789
1825
8758
1599
3473
9407
3835
5724
8058
8117
3130
2676
8173
6879
6279
6880
2455
3386
6708
4457
5999
2897
8647
4440
179
4600
9057
4561
8584
2592
6451
5389
8309
5415
8684
6296
4734
2215
6997
9387
2725
1468
9874
2503
6661
6729
1390
5595
5921
98
144
4585
1510
1717
4515
2423
6015
2429
9044
5302
9198
8109
9238
1305
3972
854
1177
9963
3231
3672
3667
2652
3355
6511
1017
9183
8901
1773
7812
6702
5355
303
6342
1721
8524
7453
9086
2905
6160
5846
559
4133
4958
1051
4137
3824
8742
4589
3431
8191
5072
5173
2621
5785
968
2753
9239
6102
6157
432
5903
8366
1723
6578
8465
9939
7324
9321
8958
9802
5922
2373
8568
5190
2435
9470
7391
2226
80
7013
8669
1293
1205
3670
9103
6806
3311
9442
4516
7641
5387
8716
8345
564
4801
9513
9496
7145
4755
4238
5851
3861
1352
2091
716
2885
380
5681
1803
6280
2989
5288
20
8284
2500
7747
2866
4308
5884
3457
7170
6046
4688
5397
1437
9844
4283
5369
4316
670
5444
1962
6778
3505
7878
6938
5796
9461
8195
6120
1572
2586
5379
9291
886
2391
5104
5618
8243
8017
1040
8068
7241
759
7319
9533
7130
1505
1710
2350
9894
2234
135
333
1946
5601
2582
3172
6193
2141
7498
3452
2964
7311
4871
8079
5448
4905
7399
4966
2718
6
6734
1930
6202
1842
4930
6070
5130
3461
9962
2330
5377
171
1633
5622
4789
8744
405
5589
5735
3790
5181
5256
2533
7879
1941
9478
6652
3569
7147
3571
8149
372
4018
8530
4273
9626
5620
7387
5189
2193
9054
3007
3791
838
6689
1530
5861
5113
2948
8816
9420
7644
6663
576
9697
7556
1182
1268
606
4447
9867
3870
1176
6558
3632
5649
7261
4783
7592
5106
9059
407
6646
6137
4625
7929
13
1189
9428
1997
4861
2799
4364
5332
1523
6019
4116
7524
1457
4829
1130
3960
8993
1435
4528
8145
4438
8242
5328
51
5063
2305
5852
2492
415
6731
1142
5939
868
7687
4154
3926
3678
878
9252
816
3681
2653
3980
3610
127
9217
3669
8054
4136
3262
8495
3680
4619
420
2118
1651
8556
7816
2792
366
6178
8396
6266
7733
5781
5493
1706
3224
4677
9399
1557
1832
8618
6027
2143
4409
9319
3176
2811
450
5406
7186
1875
205
7449
2543
3949
2515
3204
8321
5911
6238
6577
3384
8004
4779
6398
7310
5858
1641
521
1590
7624
5587
3630
3017
181
7297
9749
7151
5479
7957
7352
1252
9653
97
431
8828
2424
8053
4211
2342
1396
9738
8945
7992
2260
1671
8123
2119
4910
472
601
6683
1383
75
5139
4266
8808
9216
6667
9949
6686
7800
6904
9508
5599
8057
198
2579
8840
557
1784
3943
4611
1845
3849
5279
5797
6439
2277
7951
2635
858
6755
187
6968
3099
2209
8513
9406
771
4591
6566
2571
8986
1648
7060
6494
481
2281
66
7948
9695
9364
3859
1103
2972
8206
9537
7587
2449
2268
6813
5132
1401
7019
2578
3723
8695
2974
8527
4808
3124
304
8792
7848
8028
8450
8182
8022
265
232
1187
1811
3741
5855
2168
566
8673
8923
5395
4021
523
1879
2876
1760
1843
1750
208
4494
7407
2929
7776
3526
1018
7402
6921
7518
8886
5326
2755
8240
3331
9168
329
8353
5050
4119
1561
2779
7694
2321
4190
8871
2719
8270
8016
5005
3338
1718
3055
573
4806
1929
3261
2230
1692
4911
7824
2386
4782
8567
8231
1059
5357
4427
3798
7442
3062
5869
5075
788
6114
1805
478
1419
3434
4841
6929
6687
7097
7471
5330
7115
7739
3894
4593
2094
7005
5772
9026
1257
8088
3347
2937
4193
513
8593
5844
7572
480
9010
2896
6735
5975
5929
8271
4260
2446
8277
1174
6356
3410
5083
34
9729
3337
6395
8385
1405
9227
6200
3728
775
1597
2524
8289
7711
4992
7732
497
6316
7144
7643
9511
3440
3150
8734
3600
8196
7684
8833
8228
4533
8586
5826
8947
6250
8428
8482
9806
3407
5049
5030
5079
2332
832
5597
1234
9981
4062
2301
1461
5910
3545
8797
9826
1511
3591
2028
8912
8151
1442
2182
3117
3474
7069
6931
3570
9457
6464
8024
9708
3682
5212
1125
3477
3986
6458
8491
1754
283
6908
843
6817
1074
9504
2210
5403
5806
2587
4915
7174
7669
8433
6727
4972
2463
1012
1644
4485
7934
8499
6460
4692
1360
5981
140
980
7883
8304
647
6035
6748
7303
5873
263
2537
913
388
8090
9658
7045
8334
1894
8411
5359
6878
1334
1940
1327
9672
6626
5475
4617
5665
4234
7871
9366
8534
5143
2428
9512
1163
2246
8594
8229
6053
1460
9258
4151
6441
1208
4676
3250
2765
7837
2328
439
4965
5732
1494
2820
2356
5868
3742
7504
1014
1443
8420
6512
777
9866
6751
7520
6260
2051
757
2061
8253
5695
2338
3207
3584
2430
2730
62
8384
900
9250
3738
930
1885
9857
8072
1097
7726
2931
5926
9016
2881
4750
1973
1935
5151
3797
9535
6219
7838
8691
7557
3266
2381
2161
2795
172
9759
1979
4836
7015
7810
2247
7065
7861
5572
7755
5604
4336
7338
7285
321
9247
9106
898
3691
9141
7855
8046
6635
2573
1873
8799
58
6371
2225
8522
428
8303
38
4395
6267
1982
1743
1810
2864
4068
5709
8875
5263
9923
721
7638
3862
1579
8633
1889
528
5928
3086
4016
3083
7360
4388
5518
3228
633
1522
8360
7678
3541
5076
5666
2661
4512
395
9343
1860
9922
8852
9316
1841
9491
9166
7171
6956
5761
9580
6737
6405
1379
7440
9434
8381
4712
9007
6148
8226
9376
2691
3507
9868
8439
6490
8297
7515
6509
1403
1116
2019
3856
6539
5287
4859
5697
3764
3942
1915
3946
8646
2432
5382
473
2318
7540
6438
4545
8790
1380
1281
2158
9730
9595
5286
3445
2554
1809
6426
5720
4705
7455
2089
5271
2911
9837
2899
4372
4872
7552
4213
5701
377
8096
6410
9983
8759
9128
2917
7001
273
3367
5570
9114
6022
7887
8693
4699
400
8311
7692
4730
9148
8362
7432
1289
3240
35
6684
895
5007
753
4078
7634
9269
7922
7700
6909
7554
3900
4198
7667
837
5470
251
3768
1022
5650
7501
529
394
613
2164
7458
3878
9155
10000
2291
5524
5065
22
7671
935
9501
1026
9614
1869
6149
1128
8078
2713
2224
931
4407
8146
1389
9256
2574
9169
5351
1191
733
962
1402
3956
9563
7746
2750
5508
989
3382
2895
2384
6190
8464
8476
9973
3703
2828
9700
9830
5057
210
9724
1736
7915
8156
6873
1585
1366
8084
736
1598
9977
2233
4551
9835
6335
8350
4224
7690
4361
4076
5704
5417
4857
3671
2654
950
630
3171
4398
3958
9747
371
9203
8675
7358
1675
31
1178
4069
3173
9229
2714
732
9965
1411
5110
4799
1829
4449
8553
6632
1747
6423
6677
6839
8201
3190
2705
3601
1563
7466
9523
3033
9766
8531
9460
5272
1117
5044
3282
4479
9019
7410
4089
1138
5199
5653
7636
8497
531
4906
1524
4477
2935
8929
9074
2715
1217
2352
7889
4305
4601
4584
2064
3109
6900
1683
9160
9596
6582
861
4476
3922
4658
212
6470
2531
7830
4424
6976
9267
6483
7569
3822
8748
4886
7114
6489
1826
822
8115
6498
5209
4563
1175
3046
794
575
538
4701
8163
7996
5686
2257
4363
9564
9575
4226
7249
5992
1424
2280
9654
1538
3052
6122
9200
4248
9825
5793
8750
180
5755
4695
2374
2511
815
6869
1100
1554
7981
626
5280
8862
611
2689
6726
9290
2135
6538
9031
9306
4912
5433
7999
1095
3817
6701
5688
3350
9542
7191
7984
9869
644
5702
4690
7093
4644
2295
4487
6402
4212
6518
1404
5353
5156
652
9204
186
1844
7072
4280
2873
9373
2666
7705
5552
9076
8620
5467
577
959
636
821
3351
5788
2528
9051
5792
2155
5678
999
1104
6732
3048
527
2082
8092
778
2618
7331
1356
1923
6827
477
9587
5725
6468
3105
3268
4757
3138
4347
567
6023
8340
4995
2493
9300
7926
2768
8314
4856
6259
9186
5098
4310
1821
2950
7175
8865
9165
310
1755
3557
6014
727
2462
2706
282
1764
6786
361
2410
4359
8963
206
8076
2320
998
3009
5626
627
5953
314
6128
5842
3289
5048
8572
347
1255
5815
9486
2664
7439
6573
392
9791
4835
9289
8749
4994
4738
6951
6131
1048
4504
5942
884
9345
5243
5750
9955
1118
4704
6676
6467
6499
6595
1393
3327
6939
2672
1005
2539
6135
3032
2560
6569
8668
827
74
2058
5335
9305
4959
139
9690
2485
3038
168
1998
354
9546
3151
9237
6111
2221
2614
4543
7685
1332
2378
7315
5034
6603
4517
9301
2369
948
1378
511
6153
1586
3726
9279
8997
5980
9208
9731
8660
422
1763
7161
7025
8174
5055
1778
608
1042
2836
4257
6675
4229
2837
6868
2806
8069
5515
9691
2645
4406
5738
2290
8637
9161
7004
123
7111
4030
5040
4917
9233
3346
7497
7381
115
1274
2982
746
1231
9911
9157
3020
5277
1236
1436
4907
182
5454
4672
8804
7212
1625
3779
2841
1377
6612
6971
9357
3470
9359
7660
3142
5876
6443
1645
6295
7891
4278
5164
4319
6530
6184
7377
9270
9569
1002
2040
8457
5252
5278
9532
961
8710
4380
1575
3837
6427
3288
6537
52
6116
6739
4279
5305
3693
1673
5645
8266
6954
7415
641
8187
3845
8607
9049
3307
8784
6763
643
3664
425
925
7017
5333
8621
4144
3229
3989
8850
8474
5593
3209
2926
960
5577
6958
4848
4493
3842
7488
6010
9389
3236
5527
356
3490
5053
3740
5895
692
4181
4196
2249
6696
1960
2003
2723
8849
9045
1555
1007
4428
5119
756
5321
3536
5754
6166
9886
922
3996
5633
5236
6045
3243
6159
9365
1265
5528
8899
1922
6208
3599
2451
2132
8640
3884
6224
7341
5938
4253
2532
9562
1544
6682
1818
3858
9760
7184
7616
8909
8898
1649
8679
6032
3036
5963
5571
1882
4023
939
8179
8126
7126
3544
8141
2099
8687
872
9476
1249
6382
2992
3771
2504
4410
6058
4955
1638
3101
2113
6738
6915
2921
9681
8073
9807
2445
5751
4334
6428
2667
2404
335
7294
8275
1471
8613
7322
5363
700
4636
4834
2362
5802
7365
765
8264
5285
593
2070
8789
7350
1119
32
2740
4287
6871
6979
735
1263
8510
1627
1892
5504
6218
2919
345
209
1816
2165
4216
1124
6553
1472
7642
8796
1446
9839
8234
7274
6298
609
7221
8999
7626
5193
5331
4044
1170
2679
9149
8427
519
3031
6985
65
3076
3413
2310
5229
7016
5298
3492
3527
8189
2669
4418
7094
6115
455
9712
5692
4423
6450
8265
4393
8916
2698
87
2023
4924
9094
6721
1016
9836
9525
7619
8965
1099
6442
6357
1519
7347
6925
9577
2486
4616
4777
8774
9590
624
651
1047
5551
8483
2452
5476
1292
1562
7030
3979
6457
5456
8570
8011
2060
3971
364
3241
8015
4664
3448
9718
5563
9746
3242
8917
5698
7795
2086
1669
7904
3587
9804
921
3564
3596
3108
2721
6036
2276
7679
8263
3283
6858
1223
4488
934
4197
4102
6138
2256
2296
6388
9287
3281
5269
6217
5401
4050
4110
4272
9416
126
9283
7820
1077
6169
6478
5145
8558
4161
6180
1793
3354
3139
309
5250
9393
4231
6269
1790
5690
5060
4034
615
9664
9928
2813
920
6594
2843
693
5723
4426
6294
7876
2422
7027
8349
2910
7070
8915
7517
5390
2878
1689
598
7172
7527
2097
6669
3002
495
7583
4541
8760
7923
5413
8638
7357
4508
688
4153
4781
3836
9021
3721
8839
1284
9774
6146
946
3028
3114
650
2
4787
3612
6998
9897
4463
616
8261
4865
6872
3045
9918
6380
1317
7058
5284
489
8652
1605
9193
5730
1943
1053
6703
823
7179
5937
4521
4964
2956
6850
9179
7457
2359
2748
9703
4399
8166
6127
8013
7794
4166
7288
2966
6078
4354
3278
1375
8114
6548
4464
2816
4608
3516
9446
1160
3613
269
5625
9005
82
3328
3722
911
63
9570
4733
2557
1061
9354
4375
9307
9224
4758
7003
5161
3941
9634
3248
6254
1395
6917
4027
2223
6517
7062
9754
2361
324
2985
7649
7760
6658
8419
1322
56
2162
9810
7448
4661
1279
8397
2534
7244
4696
3535
3628
1416
9758
1314
3795
4671
1726
5582
9943
6602
8769
3775
2659
5125
9910
8900
6679
7195
6866
6610
1463
5819
1676
3274
2677
6094
3593
1983
7639
4554
4948
8667
6290
7246
3623
7326
1148
2502
7965
7698
2477
3784
544
3277
3827
6674
6271
1423
8030
9309
6021
3506
5691
969
985
7785
9318
2939
8274
4756
5685
9474
3661
3825
4744
2622
3200
8956
5502
3629
2959
3323
4033
8795
5859
5455
8466
381
6688
7260
102
3275
414
6453
8921
9120
2567
7514
3929
8065
3376
2368
9515
7398
5393
8699
8966
7870
9219
6189
7919
5261
3025
2083
2606
3538
585
4607
9638
7218
3566
7211
2953
2898
3050
8853
1214
8292
3746
413
9848
9079
3203
8946
9188
6333
4724
2052
4655
850
844
1273
4843
9682
9178
4071
3080
4560
8436
141
8936
1430
9340
8987
5146
4218
6242
8932
4239
8813
7758
7617
5234
638
2542
2346
3968
2849
6331
2229
8383
8463
2975
2548
9503
1668
3486
4001
8235
3432
3871
9998
8714
374
3830
5834
76
3706
9473
1206
4366
2035
5517
7545
9184
7983
3560
4295
5744
6555
6313
8547
7761
442
8573
5338
308
1854
1972
3925
548
5198
9152
5531
9071
5452
8925
2855
671
7374
6372
5616
8690
2572
3609
8560
1904
7336
710
322
6024
6152
797
5177
7177
9829
3927
7041
9649
2498
3812
6462
6416
3487
268
3650
2920
7994
509
50
4384
4725
1988
5880
4904
7308
8641
1151
1181
9018
10
8644
4106
3290
963
8978
4111
2852
8942
4435
8087
6824
9040
8683
8430
2604
3834
2283
4743
3497
2325
4431
9669
5071
2783
1043
7985
9355
1761
4082
3426
5381
7113
6143
2509
1030
5565
6211
9509
4788
9388
9008
5299
3079
1672
6378
7225
9055
4491
9770
1690
3449
1439
3420
3803
6503
8955
7307
2525
551
1029
5950
7909
9479
7011
5291
5142
3582
9453
6556
4383
3133
5492
3501
1907
1387
7680
3704
9140
3994
7505
2535
5674
8365
7995
9297
2519
7379
6274
9492
9255
6008
4952
8462
3853
3675
6946
3232
9043
4501
3428
8718
9668
3137
1441
9095
7725
3472
1657
7710
5405
2695
8578
4223
8555
3950
216
7084
7973
747
7165
9281
4126
1109
1506
8817
1239
8444
8414
6619
6625
8175
8213
9190
6561
4931
8869
2179
9497
9789
3088
4566
9312
7536
4323
3981
2207
4602
8517
233
7087
5703
9430
4261
7886
836
1833
8746
2776
5629
7892
9112
2793
5870
5184
1458
7901
3574
4221
7188
6777
894
194
6446
951
1058
5149
4274
7236
8416
8778
5764
2227
3305
4546
9679
5309
1037
4473
5150
3069
7670
5482
7119
4693
6207
8258
3709
8706
3796
8516
5673
2512
2747
3368
1614
3239
5657
3799
2529
9437
5385
9991
3179
7054
2980
8931
522
2068
3385
348
1102
3416
9056
8692
9096
2892
2577
6988
2514
3734
2546
3271
3300
5402
5745
5089
6009
367
9108
3463
3904
411
8319
5648
92
5501
1218
1501
6641
2198
3606
313
1034
1542
3012
9315
4716
9209
1394
741
3394
7416
9379
156
5008
9510
8144
1670
1323
355
1558
7902
1822
6033
8756
5598
1617
3552
3568
453
6974
8066
658
7763
3886
8726
289
8348
4887
6171
2212
6789
723
4826
5059
1381
6054
6351
266
1169
9077
533
1859
2335
4318
1376
7938
7970
1990
9722
4830
8202
3940
4371
9909
1096
8831
7424
1466
9950
1799
28
2879
7606
7590
6781
1812
155
3146
8425
9234
1171
4509
1321
9426
2710
5867
1945
7431
6104
7829
1888
3885
6338
5676
1069
287
5499
9380
1715
9001
5162
530
6168
7623
4029
1161
6191
1313
662
6627
8601
7224
2662
1959
8788
2112
8363
9675
5783
6091
8027
4899
7486
3705
2298
3212
8218
6040
3893
6204
1565
5240
6162
3744
9884
6691
2337
1451
1227
4775
4628
5463
2840
1509
6303
469
7021
6965
681
220
1595
7568
6182
2987
909
8591
2521
6041
4852
1260
9621
8194
3162
9069
9384
1083
6239
8209
2013
3313
8101
1851
2801
3380
5559
9850
5464
3404
2475
3446
5163
6158
7445
6374
660
5778
6001
8602
9887
7427
3406
9788
6884
967
9047
4659
8961
8124
7787
6896
5344
5784
8876
9425
3188
3340
5722
2217
9713
8801
4309
9753
1146
801
1720
243
1462
7577
9619
729
7231
3733
594
2425
2551
2380
8136
6905
4980
6791
6353
2868
2196
1637
4215
8897
7277
1291
6197
1564
1746
2406
993
7736
1444
1757
873
4869
9414
1658
9748
1905
6519
4081
1196
796
8681
3814
6823
4761
5374
5289
7802
8422
5763
5804
9817
4122
7586
5894
3000
3309
6568
578
2111
981
2808
2941
5584
5273
3992
5995
9821
1143
5115
2049
7100
826
3493
8186
7595
9926
8834
323
3362
5004
1900
2100
2129
2499
6069
6297
3325
7943
9472
3425
1296
8461
9557
3782
7691
9468
776
7978
2437
6828
6639
8549
1370
9673
6201
8825
5554
8603
5274
9636
4530
9394
1632
4926
9583
1794
8401
4832
7843
7304
9142
2646
6886
8949
7029
8623
4352
9427
440
3390
9541
4741
9873
4489
3214
5292
4752
3831
2608
3089
583
7976
6463
89
5157
5404
2969
9398
8908
637
8171
1306
7204
8039
3761
2963
3912
4148
9435
1713
6199
5968
6403
9646
4189
4293
2869
3063
4105
970
9067
8864
1662
7712
8207
4772
8082
3752
5327
1000
353
7756
1884
2442
8727
4804
6408
7538
8312
769
628
6877
9736
4298
5013
7924
7299
7602
7599
8542
6835
3377
8650
664
2098
4605
2072
653
3199
4458
9413
285
1687
5096
7964
4864
6172
7412
9259
2903
7031
5680
8210
4332
2190
6341
4674
7463
7863
9028
7192
7591
7906
5933
831
239
1337
7940
7363
7740
4565
445
7558
4785
3267
695
1165
1630
6704
9787
8883
3973
6783
6500
5908
639
7676
6487
4118
37
6724
1336
2323
6188
570
3397
9351
6376
8504
7118
781
1751
7865
7123
8752
2865
1224
8402
3838
5176
4048
3004
2716
8712
93
4888
8563
281
1663
9578
3754
5152
5753
1063
3478
3132
2434
118
3198
2200
9012
5064
2237
5127
1887
5874
2940
7264
5643
5039
2171
5801
7666
8927
1504
7543
6774
7247
7050
7847
543
1325
5837
6383
2145
2202
3044
5727
6401
2628
1112
7571
2008
9531
7368
4793
4632
8049
2341
1204
1876
9903
679
6547
1304
8398
2838
6991
1062
4927
3126
9803
9230
7435
4026
2875
5478
9323
5100
4203
8532
9756
8754
7159
70
1709
8551
149
8484
8548
9692
9412
8478
7988
517
3365
1700
1426
6544
3698
1729
1415
259
7215
8230
2867
5820
6444
2566
7061
264
663
2761
8130
4035
9421
676
6964
9030
1190
1106
6215
3060
2860
6419
9667
9652
2010
1486
2732
1233
2185
9693
8533
9285
6989
8056
6396
2771
217
8406
9369
6785
7164
8882
4751
8773
9677
3818
8104
2251
253
5202
9177
9408
666
203
2673
8689
6241
818
2991
5642
1497
5159
1749
1604
5449
2030
3917
3180
5973
3724
3788
7049
1050
2048
6585
3373
6285
6851
5153
9164
8629
6818
5131
3877
6779
6495
3412
7346
730
5185
574
8807
3869
7386
5195
3066
4534
3169
994
7528
520
9390
8721
1752
1445
5919
8877
8887
7227
5206
6304
5486
9172
7301
1608
3160
2401
9350
337
7312
7132
7921
9034
7968
9066
7918
4936
8830
8896
1912
301
9273
6728
4809
2188
9797
8824
6385
6223
3409
3550
7478
1667
5951
1756
252
2096
9912
4879
6912
3585
1707
3653
6142
4180
9585
4373
7154
6814
24
2033
9147
3102
9812
6187
5997
4444
9925
5016
4742
2385
3700
4800
3804
8338
4575
3148
8843
1953
7607
6325
8935
582
571
4074
1528
7210
6613
4599
7090
3402
4377
4638
2004
5329
5742
94
4158
5144
7110
5210
3326
7185
1299
1469
4019
9320
3015
885
3977
3829
1351
6000
5469
1207
1427
2880
5640
5707
2942
4500
3607
8738
8739
8330
9222
5006
2846
5225
8928
2552
9635
8472
2248
1350
4776
5535
8161
1771
5520
8236
1532
307
5254
8452
5323
5547
3201
3590
3494
4090
9317
3408
1344
7248
8677
8333
7956
5487
7495
1852
1802
8757
6609
3889
4049
2751
2562
1893
4722
1758
3914
4583
2137
1969
7469
6826
4562
1054
2993
3908
9670
7102
1996
7664
9156
9335
8701
9988
7406
4903
1578
8535
3249
6484
7840
6643
8037
7071
8007
250
5227
7627
4451
3395
2965
6902
3467
2187
8481
3967
5924
8870
5461
7485
9418
9972
1656
9609
1986
4714
7960
1036
622
6725
561
2232
4819
3916
8099
4814
3523
5596
9104
2153
6670
9451
1978
7178
4615
8359
3918
857
5208
5769
2957
134
2079
8286
3679
1487
6516
4297
4713
3634
4694
9495
6044
6482
1804
7155
9694
7852
8167
2109
5898
1488
346
5964
8244
9324
2636
4129
4275
6714
9780
9999
7056
4550
915
3961
402
8459
2156
2414
3263
235
5739
7972
4171
3484
7890
6680
2289
7076
8018
3423
9951
5813
7935
5944
3398
2397
9710
6505
7719
1195
8682
7476
6825
7594
1596
158
8768
6948
5182
6586
8256
6863
2000
2814
320
6393
2925
9162
4432
9048
3692
8429
6081
5998
7541
3303
916
623
8634
3631
6515
1333
7420
3602
3107
4633
7646
5991
7697
8511
1515
406
6995
2001
3524
7963
2438
6282
8973
5201
8375
3216
6318
8438
8002
5259
5607
1105
5729
3546
5423
383
7618
7803
11
5498
9699
8786
7138
1795
7674
8133
6962
9381
1550
7163
3662
2481
7555
8938
5896
6893
17
7443
8859
3369
4862
9088
2415
5537
580
1890
6073
2254
3875
2239
2465
1229
5927
625
6452
646
7091
2351
1616
284
9889
9772
5634
6379
2420
5141
2206
5009
1846
2178
1159
4609
5893
4570
4093
3030
3699
9102
3955
4652
5220
7067
2943
4827
6803
8881
3221
7217
3948
7604
9192
5386
214
3178
1071
3923
8619
4711
9936
2138
4188
8095
5591
7553
9813
8546
8655
2856
5235
9782
7255
5348
1503
6649
640
1560
926
8975
7579
6981
4582
4022
8717
7039
6276
3074
3913
8715
5244
5891
7653
3175
9661
1849
9786
9890
3594
6756
7460
7262
1732
875
7913
5915
1789
4043
6018
4784
436
3906
8829
7836
6759
5752
2938
1577
2610
9447
4474
618
3966
689
2835
4884
1232
9191
1734
5916
6085
9606
3932
2858
8404
3901
6750
808
5829
4183
319
3511
2144
7370
8305
9131
39
325
1467
7201
1242
6177
2347
9819
1837
3656
9828
9439
6546
9241
6881
6150
541
7588
1199
2804
6952
7176
9432
6084
200
4913
8506
7724
7823
6788
8762
8479
1098
2204
1971
5675
9919
3530
3291
9709
8576
2613
9904
8990
8331
9328
2243
7426
4960
6536
2340
1094
8541
8225
6694
7806
7695
9235
1867
9720
5084
4132
2050
7389
2238
4890
9735
1183
9745
6836
5054
1015
1090
4700
7614
2270
1078
9243
8985
6798
4108
2648
6794
5472
938
2172
8709
1256
6773
3697
3783
8132
3391
4648
7473
475
14
5484
4519
2549
2544
6287
8895
9656
6888
6924
3626
8891
5958
6147
1864
8508
7269
288
1797
6384
8502
4138
1346
9968
6231
4175
5445
360
3430
9932
764
4453
9205
882
8440
2041
3482
5398
9129
8257
1459
6232
4739
3265
8222
859
2580
7955
990
7046
9598
7376
4498
8811
3135
5774
5428
4878
2026
7521
6469
318
4621
7609
2344
1820
7229
5947
6977
2147
5343
9960
3399
7707
4523
6654
4654
9358
8628
7400
9382
2107
7605
9440
1500
5759
549
4358
2073
8501
8376
4420
5592
2496
5962
4421
5025
8733
8959
739
6440
6386
5579
2536
8102
5258
3027
6350
4456
9640
2236
795
1629
936
8642
6802
3294
5590
1779
5719
3513
1470
9917
6072
3525
8158
3170
4032
7008
6275
7496
4270
4104
4657
550
767
2376
3952
1028
1853
9210
1300
3315
8083
6967
9516
1064
7826
6141
7716
8138
6488
7362
8001
3988
1527
6624
6514
9038
9572
191
9795
7717
7272
3635
4031
6030
7576
4470
4670
2278
864
8063
1537
8837
2398
3502
9400
6513
6139
4269
7193
4172
6584
5431
3865
4877
9251
8826
1158
9466
5888
2467
3353
8731
260
3143
190
9022
6932
7238
8969
2262
6060
6583
2245
15
3951
291
4914
4503
8753
5952
9310
6662
8659
3868
5308
3561
740
3633
1216
2133
9490
165
597
1111
6562
9268
8798
1391
1624
8575
2371
877
9101
9505
9046
6409
3183
300
5544
4085
2726
7214
973
2470
4873
9549
19
9529
5816
3751
7323
2588
241
9544
949
1355
6112
8582
680
2131
8866
7645
3041
2269
9612
542
2055
2709
9361
3227
805
4919
8062
3184
3780
1031
7930
8252
1744
905
2439
9226
7825
5318
929
1870
9940
7721
3673
7715
4867
1091
6580
4876
9118
675
3873
7020
2773
3317
7675
4513
9592
6563
7523
4059
8021
9617
9456
9842
6887
3529
1315
1147
3939
296
657
294
1385
5023
6134
9935
9136
5693
3097
7134
9383
9433
2228
4817
5954
4577
846
2617
906
9689
3453
512
8157
4542
5101
8047
3411
9475
9011
6151
2741
5037
9013
4264
7742
6088
8403
4813
7048
7095
4518
3389
6123
6062
6255
3615
6429
6848
1220
7880
4292
3654
1681
8544
1258
136
6722
6186
3095
1570
5609
2744
2970
166
1838
6523
5543
5614
9707
2711
9997
9201
9100
704
8720
8298
4083
5627
8327
2802
7206
7242
6307
8543
2944
6095
9302
8777
9975
9814
869
2194
6809
6847
409
6329
4028
1417
1566
9872
4624
4092
6220
7251
1588
1661
8597
4060
2674
5659
9876
4042
2482
2826
3043
9483
7752
8337
9907
8766
3770
8080
7621
6999
2322
6697
5712
4594
3863
1432
3509
8872
3588
9715
3937
4053
4719
1073
3562
6083
5099
6588
2857
3965
9706
412
8719
8772
5710
7348
419
5886
421
4236
7516
5062
2427
247
9732
5384
3867
9296
4194
809
5747
8094
3919
458
240
3451
8399
8939
6894
1992
130
2760
2317
23
9336
5047
5670
437
2177
7254
2184
6859
8387
4940
4206
8735
1082
1722
4539
6637
5825
5711
7378
2084
3666
5408
6837
9948
9199
7396
8470
1164
2952
7821
7860
9978
3051
2039
2763
188
6889
3255
8885
170
8989
4968
8970
2006
9953
7920
5419
8335
6972
6533
2175
2949
9061
9751
423
1340
8374
3652
3335
6047
8913
341
3605
8678
2501
1365
5410
3010
3898
3489
3565
4620
298
2797
8842
6012
2120
7966
9339
7291
3001
9969
2102
9723
6591
3715
4723
5594
1611
9589
720
1696
8671
9565
3163
3238
4703
3792
2889
8663
5191
751
7438
8280
5682
7085
2678
8324
1918
6089
8127
4637
9347
1343
494
358
9144
7133
8281
907
9212
3800
7749
26
3469
5746
2240
3737
4051
603
1827
1753
2894
2782
7770
1080
5969
9934
448
6841
2754
4680
8238
5791
242
1783
8177
3938
1623
3920
2922
7364
839
6059
3928
4232
6590
4207
8293
2174
3128
2130
897
1677
9597
5237
5758
4786
6659
6899
7281
7380
1135
8010
5078
7117
7597
6273
6315
150
1186
7566
4773
2702
3352
8860
1839
1433
3802
5762
744
9616
7408
293
1548
4698
2483
1244
4762
7874
4537
1358
2286
6885
5615
9293
9029
5658
8134
9520
3018
5782
9952
8581
1950
2005
148
2951
9518
9539
1776
2411
1123
8246
8890
5717
8705
9009
7682
9163
8473
6192
3696
6233
673
9265
5568
6550
8918
2712
9449
1410
9125
2638
2363
4139
2126
2909
4471
4208
5892
6628
4342
3098
4944
2762
3415
8282
8861
2794
9528
3765
4666
8421
6730
3442
5342
1602
1968
6365
9684
451
119
4780
708
9452
7864
1021
6504
2758
8867
1019
7267
4981
8165
5315
5488
7655
7809
3763
3468
7819
8821
5015
9333
9779
1640
5864
1886
4939
1429
514
3625
1702
4047
1024
5317
9933
8725
605
328
3945
271
5111
1698
1368
7849
9146
5798
7313
591
807
6340
6765
3187
903
9304
2090
5644
2605
678
9582
9175
6792
6243
1639
1739
3717
4013
6634
3755
3191
3349
5354
4094
1277
8665
2466
8674
9647
2684
5197
6947
7414
2830
752
2685
2387
8346
1813
4932
3983
9739
4892
2513
143
9105
2074
5192
9633
8857
5567
7610
1937
4918
7665
8332
8611
1568
3208
1453
238
7779
5787
2810
255
3341
4227
2945
6175
1521
1088
3210
8894
2393
7321
4629
221
6542
6418
7160
4506
3465
772
4087
5811
4243
8810
1571
4745
3295
9371
8805
5646
4683
8199
9823
5840
4934
1275
2724
7928
6430
6934
9841
5352
4818
2054
7628
4291
8977
7637
6262
1245
9330
3642
2085
1574
1267
2433
4538
955
1725
5805
9908
8449
9462
4403
8855
7867
711
2772
8370
7146
7092
1738
9974
6253
9025
5312
4735
4525
3364
927
8910
7181
1397
5770
5268
6176
2686
9326
9777
5219
4452
6820
9599
4348
4673
4367
6560
16
9236
6913
1247
7844
317
1765
2020
7905
8485
6607
4803
236
1237
9901
3840
9240
579
4315
1906
6638
507
8880
8782
9956
4507
4556
4997
5549
2778
5045
7737
6370
7182
1131
1603
487
7780
2122
3866
5557
295
4434
8295
6589
6344
4461
2703
1730
8373
668
6369
9680
7998
99
5442
7018
6700
6109
9139
3850
1215
1359
8344
5400
9257
2007
4753
9116
2627
1535
8169
4765
7657
3479
8622
7289
4807
9629
2701
2787
4480
2581
5613
1251
85
3072
4687
2418
6079
5948
3
2253
2962
8930
6029
4322
3269
5036
9631
3896
2400
1348
6337
2924
683
8249
9856
8770
9187
9403
532
1068
8251
3676
1547
971
6074
4429
6992
9396
2994
1724
9221
6496
6762
4647
6355
7789
964
1800
702
5526
8378
3643
7382
9895
9906
8393
8767
941
1044
9701
501
7914
4850
634
3464
3245
499
770
9089
5905
1339
1498
9471
2480
7082
7907
8803
7508
6644
8300
5260
5425
7650
401
7708
4942
3156
5917
2150
8873
3094
7811
9601
9000
6918
7359
2377
7987
7549
3617
3854
1172
8291
8765
7982
825
3129
6432
853
5705
2047
4320
342
1286
9992
4815
4385
41
5583
4199
9286
8121
7912
103
5117
7526
3220
8315
1065
1512
1276
8153
8983
7529
9822
5835
3532
8847
5438
7875
5706
8700
4141
2553
5860
9615
4618
1985
6953
1678
4717
845
5848
3152
2038
8627
3330
5865
5422
9458
5012
9488
7743
2454
6761
4067
5918
6476
3756
2302
9996
8453
9342
7512
6196
9543
6935
4245
8005
6252
5147
3159
6784
8724
5214
5509
3034
5230
5996
586
6456
275
4250
1688
5523
6319
7434
7589
8382
5828
5970
5580
8761
4802
6096
9639
8172
9576
8632
3999
8294
755
6623
3518
3254
9755
9944
1740
2886
6020
486
5081
2219
384
5028
6648
3880
2556
114
7205
4586
6007
1481
8106
4341
2516
4820
2640
1408
1386
6400
3154
9827
2489
8520
6592
4329
219
7142
6815
9322
7284
7885
2157
3899
977
8310
4096
6535
1484
3970
7425
4176
890
9415
3892
2300
6226
9752
4821
6864
4977
2394
218
1514
902
5546
545
3614
4510
116
5128
8112
3660
4748
2487
4314
5491
5669
2474
3149
3579
9327
1883
4613
7502
3319
3872
834
2805
6048
5777
1924
6292
8565
8077
3141
7168
4991
4555
6360
8616
1567
4653
1056
1310
1947
979
4191
8120
7042
3093
2324
9484
5200
3668
5316
588
2461
2590
1891
4020
159
7704
8992
5679
3205
3082
725
6248
29
4249
5654
2222
9220
5027
7828
4072
3174
5749
1173
9274
5165
945
5866
6640
6264
1298
4982
3488
5116
8651
6660
4417
7916
8812
8339
4492
7200
1025
7511
2431
9662
4351
1593
2148
5512
8823
2774
7035
258
9052
7418
7043
5718
6978
6707
8060
1741
192
9536
4901
2333
4634
3789
6808
5281
7490
6209
6559
3710
4405
1659
1817
1791
5773
3456
5481
7774
5233
7053
4736
7162
2495
7815
4568
9502
3639
8255
7788
828
4737
7661
6741
9602
3852
18
8181
4262
7343
6525
7099
1963
2343
9641
3735
595
6205
3663
555
8447
917
6312
2388
8998
3805
351
4442
908
3499
3777
6665
2421
5957
6920
7817
1881
699
2833
9898
3820
8391
1363
3122
8836
404
3008
6068
8552
2506
9624
1975
8285
3085
4870
6345
5167
9558
6840
6320
8410
3316
590
3646
4987
8032
3264
5179
4267
4340
2189
2121
8996
3075
1110
6570
2961
197
7007
8431
6653
3297
5776
793
7709
7728
2642
6455
5010
4300
69
8988
6057
5651
3957
9500
1679
7345
4669
8460
47
1615
9611
5264
6210
5833
9733
8386
7411
3251
9167
6324
3155
7390
4412
1285
3165
3821
9517
151
7799
1188
60
1919
476
3194
5541
9625
142
3304
1556
5699
865
8390
2029
3422
7012
8358
8514
5497
4641
5301
7447
8048
8670
1324
7567
6436
9989
7869
5959
2839
336
1114
8247
6926
4497
6507
2116
6291
5248
2632
3839
2261
4130
4303
8283
9941
5137
883
6712
9805
2626
48
7713
8962
3145
2633
7444
1772
1897
8458
4200
9833
2796
3781
5217
7547
6576
292
7305
2314
7560
4849
889
3444
9445
6300
7038
2142
254
6156
8599
6657
4763
2134
7124
7503
483
6529
9986
7395
2967
2151
7550
6606
1871
2413
7570
8188
7024
5450
8245
5715
8755
1020
7522
7233
5630
9744
5368
227
231
7744
6916
6876
9863
2563
1238
5375
1631
7868
6366
6336
3851
8666
3466
5022
9138
6343
9843
2649
9134
6270
6853
7101
5443
8595
1294
9159
4535
2916
1955
6571
7430
9742
1622
375
8512
9678
3260
4941
2859
5823
207
3575
1448
5241
1153
1213
5862
9280
53
6692
2995
3161
2353
8361
849
6055
286
2456
5313
8392
3005
1840
5480
1619
7417
7436
3907
8260
5466
4925
4345
4038
7989
9702
5187
851
2694
2274
2914
9552
8933
4184
4376
4998
2612
9608
8208
2569
8643
4902
5275
655
7472
9588
3549
4157
5255
1211
77
7136
5224
6321
4685
810
6097
8162
3888
6106
5154
8525
6330
4604
7792
6480
1184
5458
4790
6605
21
6244
9875
972
7611
3686
4387
8217
5900
5238
2103
6527
2235
4645
4909
5716
7850
2599
6528
81
7349
6179
5124
7762
803
1601
1646
5361
1194
7625
560
169
7845
7153
3039
2117
174
5621
6195
7250
852
1534
6154
4846
6039
2639
5077
1830
4656
6604
2998
7266
6265
7532
3106
1156
2918
7300
6229
9916
3847
8070
4445
1093
8059
5972
5683
9170
2996
7882
5035
6723
8435
479
5430
6216
1994
7339
9249
2293
9605
2789
842
8192
2108
6596
249
2728
8500
196
248
4228
7492
9660
1076
8432
3684
2650
9050
1719
6221
9332
8494
6087
1958
4394
9477
2018
3685
547
6963
2087
3658
2791
9015
8183
9593
2733
6306
4268
1917
1493
791
6838
6051
5871
7337
1434
6110
8012
1198
9666
7222
5586
3759
2946
9574
2197
8818
1526
7464
1477
645
6829
9581
8664
4649
96
7393
4731
779
274
7234
4006
8273
6852
5677
4095
5496
5558
9362
6747
1762
8434
3504
9559
6056
7872
3193
5334
8388
8267
4938
9603
178
4662
5211
312
1774
2908
5339
2906
7372
8190
6155
8845
8306
7834
8737
2890
5990
1831
2448
758
9
493
1297
222
5155
1856
4526
6903
8841
7104
3293
1781
5223
3084
2383
2883
2670
1132
101
7534
6415
7525
5314
9115
2769
8559
1546
8780
3087
3603
9119
6996
1420
4898
460
7633
9524
5516
3147
1581
1909
9663
3890
9313
9540
9211
1011
3832
2954
631
4558
3645
306
1452
602
5158
4077
5046
2402
5897
6364
9781
9980
806
1491
5383
6322
9294
9195
3460
4651
3202
4391
5856
5966
7854
3719
3222
7925
8075
2106
8868
262
8538
8034
8326
4056
712
8981
8658
1796
1766
8577
2530
5737
9480
7573
5556
1525
6367
7706
9065
3125
1254
3064
1496
1513
9506
7335
109
1863
2589
447
8212
1485
2440
3815
7718
5602
91
8055
2668
6288
682
5118
4455
2770
4986
4370
8417
4640
27
4978
8776
5902
2619
9586
4588
5941
7199
942
587
7873
5987
5468
7309
2123
2017
6026
8604
707
4574
3257
9556
1847
2842
5215
7354
9930
9851
1329
4675
1248
3953
8471
3638
8747
6107
2354
3810
1032
2125
3433
6118
6311
7813
9914
4532
2675
5172
5994
2854
6173
7796
5647
6144
9920
7784
1287
6673
3344
8707
596
3533
9137
4472
4240
6671
7243
8152
7757
1197
3695
9573
6347
1792
4263
3990
1154
629
7149
9800
7581
1101
6830
3688
6399
3343
4889
4252
5032
2036
7482
9090
327
9958
3308
9937
9628
7397
1241
4567
6933
6983
6636
2279
8269
5930
1373
7835
3285
117
4251
987
153
3787
540
5795
2110
8475
5086
7223
8536
2625
3498
754
2680
4379
9993
25
7129
8135
1301
1010
245
1421
9494
4499
2882
4679
6163
1745
2983
7367
7259
2160
4540
5533
7722
8379
6975
4868
3716
7839
5051
3921
7148
5914
956
6435
7461
9482
7565
4623
4974
8232
8041
7563
1075
9363
3057
760
1473
1392
6711
3119
5105
697
9174
7198
5976
5246
9655
267
7499
5901
7143
1824
106
202
2034
5414
7433
1455
4794
7494
3332
1694
7208
443
2450
8745
3962
3192
4729
3387
3403
3073
6461
4258
4135
3116
7949
1479
3429
1052
1606
508
7081
4505
7953
7772
5878
4822
2115
1422
8523
4732
8443
2798
2981
6927
2800
1693
3891
996
5067
8215
6361
6746
9854
8184
9489
1708
6474
6543
9938
7401
1987
6006
6236
6892
6720
1490
1107
5160
5628
5979
9815
2186
5564
9232
3342
6672
6710
2166
790
6819
5310
9942
8143
9846
1898
6502
4490
1428
4304
2259
131
4000
5170
6601
311
2641
7656
8704
8571
4949
7729
3121
4559
7226
3730
30
5295
9888
1801
5581
3438
8579
5090
9838
7437
5135
7167
9117
9553
4098
6874
6194
1529
1908
1788
6256
8150
1589
1425
416
5257
7484
539
7629
4014
2444
5906
6531
3930
7405
7509
4299
5364
55
9778
2389
2637
924
9370
2326
3767
7683
4450
3855
1965
3252
1808
2012
234
4943
1620
2593
8176
4088
8771
163
7911
1431
1354
7539
3286
1980
5174
3218
6955
8703
4635
3776
9133
3864
3458
3903
5242
8139
9764
9042
1582
4881
9352
9771
3011
8259
6486
5740
4853
1280
5207
6424
1475
516
9637
3359
7280
3720
5495
8787
1113
7121
8299
965
8313
4908
195
7413
2788
1952
6575
6906
8469
4008
7467
3520
6655
3857
6957
5003
5562
8040
7932
8902
2643
4155
5350
2364
975
6363
3547
2884
4015
6240
6417
5505
350
6895
2564
1901
8296
3644
3006
8515
986
4005
4073
8097
2790
8224
1553
2267
8351
1122
8496
7105
2426
1576
5345
8537
6587
2416
490
2192
8377
6776
2845
944
9353
3164
8355
1495
9687
9704
2231
6246
9378
3021
2696
9811
2458
5949
88
8067
9927
6373
2597
129
1899
2191
4746
2176
632
3090
5367
9337
3823
4728
8920
9107
9385
558
1995
1001
7098
7139
7474
5180
3785
8086
5474
2825
9550
3230
8008
742
8846
6126
2850
3915
3760
8590
3883
7858
6349
2629
2727
1295
685
4123
7804
2902
7022
8569
7141
9027
2780
3157
8178
3483
600
2366
9180
8919
4947
7677
1335
6247
1282
4099
6492
403
3324
9424
9858
5371
6572
9538
8105
4816
738
6811
8948
3811
8967
7202
7765
8239
334
3711
5766
2092
297
9189
2598
2490
7477
6268
9242
3481
1465
2968
3237
1388
4125
5247
919
3272
3299
2977
847
230
1592
3998
71
2436
9171
7423
4246
9411
677
9277
8741
8480
9386
8951
1259
7659
6616
4571
6752
7306
3401
5168
6994
2819
856
5042
1447
2663
9329
7686
8
2550
7137
2520
7548
90
9896
7793
7125
7899
3750
8526
5093
6865
4422
6521
3480
4454
9714
1407
7769
1691
113
3758
1150
8606
3233
2807
7535
4324
5349
9861
7654
2913
7954
7980
6664
302
5931
9913
6631
554
2443
9902
2203
5409
397
7962
562
6323
6161
5341
910
3110
3016
2484
8200
8763
9773
4124
6251
1168
2459
8009
8639
2523
5624
8732
8680
4306
1655
607
3217
7270
7173
4114
2596
6810
3013
4792
6076
4163
461
1701
1584
5756
3808
9799
4900
9173
5253
2315
7696
9698
7491
